0, 31, 302, 77, 301, 298
31, 1, 301, 298, 223, 298
31, 32, 301, 298, 301, 346
32, 30, 301, 346, 332, 346, 333, 105
32, 3, 301, 346, 250, 347
3, 2, 250, 347, 174, 347
2, 4, 174, 347, 102, 277
2, 5, 174, 347, 89, 348
3, 8, 250, 347, 252, 462
8, 9, 252, 462, 250, 518
8, 7, 252, 462, 185, 461, 146, 499
8, 7, 252, 462, 185, 461, 187, 498, 146, 499
7, 6, 146, 499, 103, 542
32, 10, 301, 346, 302, 414
10, 11, 302, 414, 346, 392, 390, 417
11, 10, 390, 417, 344, 439, 302, 414
11, 12, 390, 417, 463, 416, 466, 309
12, 13, 466, 309, 466, 48
12, 14, 466, 309, 697, 81
11, 20, 390, 417, 388, 441, 456, 438
20, 18, 456, 438, 582, 439
18, 15, 582, 439, 835, 439
15, 16, 835, 439, 890, 385
15, 17, 835, 439, 949, 554
18, 19, 582, 439, 666, 525
20, 21, 456, 438, 458, 485
21, 22, 458, 485, 457, 691
21, 26, 458, 485, 531, 558
26, 27, 531, 558, 531, 914
27, 28, 531, 914, 706, 914
24, 29, 782, 807, 698, 724
29, 25, 698, 724, 697, 759
29, 26, 698, 724, 531, 558
20, 23, 456, 438, 538, 480, 667, 607
21, 20, 458, 485, 456, 438
